95
100 100 100 650
100 100 350 100
350 100 450 150
200 400 350 350
350 350 450 300
450 300 500 250
450 150 500 200
500 200 600 200
500 250 600 250
600 200 700 50
600 250 700 400
700 50 1050 50
700 400 1050 400
1050 50 1100 100
1050 400 1100 350
1100 100 1100 150
1100 300 1100 350
1100 150 1150 200
1100 300 1150 250
1150 200 1300 200
1150 250 1250 250
1300 200 1400 250
1250 250 1350 300
1400 250 1450 350
1350 300 1400 350
1450 350 1450 500
1400 350 1400 450
1400 450 1350 500
1450 500 1400 550
1400 550 1200 550
1350 500 1200 500
1200 500 1200 450
1200 550 1200 650
1200 650 900 900
1200 450 700 600
900 900 450 900
700 600 600 750
600 750 400 700
450 900 400 850
400 850 300 850
400 700 300 700
300 850 200 800
200 800 100 650
300 700 250 650
250 650 200 550
200 550 200 400
150 200 200 150
300 150 400 200
250 300 350 250
100 300 150 350
200 550 200 650
200 650 250 650
150 750 200 750
750 700 800 650
800 650 850 700
850 700 800 750
800 750 750 700
900 650 950 600
950 600 1000 650
1000 650 950 700
950 700 900 650
1050 600 1100 550
1100 550 1150 600
1150 600 1100 650
1100 650 1050 600
300 750 300 800
300 800 400 800
300 750 400 750
400 750 450 775
400 800 450 775
700 100 750 100
750 100 750 150
750 150 700 150
700 150 700 100
850 100 900 100
900 100 900 150
900 150 850 150
850 150 850 100
1000 100 1050 100
1050 100 1050 150
1050 150 1000 150
1000 150 1000 100
700 300 750 300
750 300 750 350
750 350 700 350
700 350 700 300
850 300 900 300
900 300 900 350
900 350 850 350
850 350 850 300
1000 300 1050 300
1050 300 1050 350
1050 350 1000 350
1000 350 1000 300